
13:10:15,31265,3,7,4,2,0.95,0.92,0.93,1.00,50.07,1051.03,0.00,0.00,0.00,0.00,0.00,0.00,0.00,0.00,0.00,0.00,0.00,0.00,0.00,0.00,0.00,0.00,0.00,0.00,0.00
13:10:18,31381,3,7,1,1,53.85,18.64,32.03,3.19,0.00,0.00,0.00,0.00,0.00,0.07,0.98,0.90,0.00,0.00,0.00,0.00,402.05,402.62,400.91,402.65,232.14,232.69,231.88,231.85
13:10:20,31381,3,7,1,2,1.53,1.59,1.57,1.58,50.03,371301.13,0.00,0.00,0.00,0.00,0.00,0.00,0.00,0.00,0.00,0.00,0.00,0.00,0.00,0.00,0.00,0.00,0.00,0.00,0.00
13:10:23,31382,3,7,2,1,0.00,0.00,0.00,0.00,0.00,0.00,0.00,0.00,0.00,0.00,0.00,0.00,0.00,0.00,0.00,0.00,402.26,402.12,401.55,403.11,232.24,232.83,232.06,231.85
13:10:26,31382,3,7,2,2,0.00,0.00,0.00,0.00,50.09,3536146.50,3643433.00,156648.27,-123947.05,0.00,0.00,0.00,0.00,0.00,0.00,0.00,0.00,0.00,0.00,239.20,119.81,0.00,0.00,0.00,0.00
13:10:30,31383,3,7,3,1,0.00,0.00,0.00,0.00,0.00,0.00,0.00,0.00,1.00,1.00,1.00,1.00,0.00,0.00,0.00,0.00,286.35,243.67,214.68,401.01,160.05,231.60,17.15,231.18
13:10:30,ready
13:10:32,31383,3,7,3,2,0.00,0.00,0.00,0.00,50.09,566615.50,569315.44,81.62,-54089.17,0.00,0.00,0.00,0.00,1.00,1208.76,0.00,0.00,0.00,4.38,20.00,3.32,0.00,0.00,0.00,0.00
13:10:36,31384,3,7,4,1,0.00,-7.49,0.00,0.00,0.00,0.00,0.00,0.00,-0.99,-0.99,0.24,-0.98,0.00,0.00,0.00,0.00,287.31,244.31,214.43,403.20,160.35,232.39,17.09,231.57
13:10:43,1610091636,3,7,1,1,6.32,-8.95,3.30,3.01,0.00,0.00,0.00,0.00,0.31,-0.16,0.91,-0.34,0.00,0.00,0.00,0.00,409.59,409.44,409.47,409.92,236.46,236.56,236.48,236.34
13:10:43,1610091636,3,7,1,2,1.50,1.47,1.45,1.28,49.97,371326.13,0.00,0.00,0.00,0.00,0.00,0.00,0.00,0.00,0.00,0.00,0.00,0.00,0.00,0.00,0.00,0.00,0.00,0.00,0.00
13:10:43,31384,3,7,4,2,0.61,0.00,0.90,0.93,50.08,1051.19,0.00,0.00,0.00,0.00,0.00,0.00,0.00,0.00,0.00,0.00,0.00,0.00,0.00,0.00,0.00,0.00,0.00,0.00,0.00
13:10:46,31502,3,7,1,1,23.65,11.17,2.43,10.05,0.00,0.00,0.00,0.00,-0.33,0.86,-0.21,-0.24,0.00,0.00,0.00,0.00,402.66,403.46,401.74,402.78,232.46,232.91,232.46,232.02
13:10:49,31502,3,7,1,2,1.57,1.69,1.59,1.51,50.01,371301.63,0.00,0.00,0.00,0.00,0.00,0.00,0.00,0.00,0.00,0.00,0.00,0.00,0.00,0.00,0.00,0.00,0.00,0.00,0.00
13:10:55,1610091648,2,7,5,1,56.29,15.94,-36.32,40.35,0.00,0.00,0.00,0.00,-0.73,-0.43,-0.61,1.00,0.00,0.00,0.00,0.00,405.10,405.18,405.21,404.93,234.36,234.35,234.08,234.66
13:10:56,1610091648,2,7,5,2,17.05,16.89,16.92,16.78,50.07,2768210.75,0.00,0.00,0.00,0.00,0.00,0.00,0.00,0.00,0.00,0.00,0.00,0.00,0.00,0.00,0.00,0.00,0.00,0.00,0.00
13:11:00,1610091637,3,7,2,1,0.00,0.00,0.00,0.00,0.00,0.00,0.00,0.00,0.00,0.00,0.00,0.00,0.00,0.00,0.00,0.00,409.01,408.96,407.98,410.07,235.82,236.57,235.95,235.24
13:11:00,1610091637,3,7,2,2,0.00,0.00,0.00,0.00,50.02,3559075.50,3666601.75,156649.59,-124971.34,0.00,0.00,0.00,0.00,0.00,0.00,0.00,0.00,0.00,0.00,236.02,116.37,0.00,0.00,0.00,0.00
13:11:00,31503,3,7,2,1,0.00,0.00,0.00,0.00,0.00,0.00,0.00,0.00,0.00,0.00,0.00,0.00,0.00,0.00,0.00,0.00,403.01,402.71,402.73,403.57,232.68,233.00,232.70,232.35
13:11:03,31503,3,7,2,2,0.00,0.00,0.00,0.00,50.07,3536146.50,3643433.00,156648.27,-123947.05,0.00,0.00,0.00,0.00,0.00,0.00,0.00,0.00,0.00,0.00,237.45,118.52,0.00,0.00,0.00,0.00
13:11:10,1610091649,2,7,6,1,82.49,33.51,29.61,19.37,163.00,47.57,-36.49,151.92,-0.84,-0.96,-0.27,-0.51,50.75,17.59,8.41,46.68,405.32,404.62,405.46,405.88,234.03,233.27,234.27,234.55
13:11:11,1610091649,2,7,6,2,23.75,23.89,23.26,23.65,50.03,2524.38,3648.26,1246.24,-974.29,0.00,0.00,0.00,0.00,-0.69,419.29,0.00,0.00,7.39,3.97,3.92,2.99,74.07,120.55,69.72,0.00
13:11:22,1610091638,3,7,3,1,0.00,0.00,0.00,0.00,0.00,0.00,0.00,0.00,1.00,1.00,1.00,1.00,0.00,0.00,0.00,0.00,291.75,247.73,219.21,408.29,162.51,235.52,17.49,234.51
13:11:27,1610091638,3,7,3,2,0.00,0.00,0.00,0.00,50.03,583664.13,586408.44,86.61,-55276.91,0.00,0.00,0.00,0.00,1.00,1246.26,0.00,0.00,0.00,3.85,17.92,3.29,0.00,0.00,0.00,0.00
13:11:27,31504,3,7,3,1,0.00,0.00,0.00,0.00,0.00,0.00,0.00,0.00,1.00,1.00,1.00,1.00,0.00,0.00,0.00,0.00,286.65,242.48,214.06,399.16,159.45,231.08,17.22,230.24
13:11:27,1610091639,3,7,4,1,0.75,-15.14,0.11,-8.65,0.00,0.00,0.00,0.00,-0.01,0.92,0.60,0.63,0.00,0.00,0.00,0.00,293.23,248.76,219.04,411.89,163.74,237.05,17.47,236.68
13:11:27,1610091639,3,7,4,2,0.97,0.95,0.99,0.97,49.98,1057.63,0.00,0.00,0.00,0.00,0.00,0.00,0.00,0.00,0.00,0.00,0.00,0.00,0.00,0.00,0.00,0.00,0.00,0.00,0.00
13:11:27,31504,3,7,3,2,0.00,0.00,0.00,0.00,50.05,566615.50,569315.44,81.62,-54089.17,0.00,0.00,0.00,0.00,1.00,1208.76,0.00,0.00,0.00,4.57,19.04,3.61,0.00,0.00,0.00,0.00
13:11:30,31505,3,7,4,1,0.53,0.00,0.00,-8.73,0.00,0.00,0.00,0.00,0.00,0.00,0.00,0.00,0.00,0.00,0.00,0.00,286.74,243.90,214.04,402.22,160.09,231.95,17.17,231.15
13:11:30,ready
13:11:33,31505,3,7,4,2,0.30,0.90,0.00,0.00,50.02,1051.36,0.00,0.00,0.00,0.00,0.00,0.00,0.00,0.00,0.00,0.00,0.00,0.00,0.00,0.00,0.00,0.00,0.00,0.00,0.00
13:11:35,31622,3,7,1,1,33.95,5.54,-7.81,-26.71,0.00,0.00,0.00,0.00,-0.52,0.48,-0.15,0.96,0.00,0.00,0.00,0.00,401.68,402.25,400.66,402.13,231.91,232.31,231.77,231.65
13:11:39,31622,3,7,1,2,1.38,1.32,1.30,1.20,49.97,371302.03,0.00,0.00,0.00,0.00,0.00,0.00,0.00,0.00,0.00,0.00,0.00,0.00,0.00,0.00,0.00,0.00,0.00,0.00,0.00
13:11:42,31623,3,7,2,1,0.00,0.00,0.00,0.00,0.00,0.00,0.00,0.00,0.00,0.00,0.00,0.00,0.00,0.00,0.00,0.00,402.07,401.71,401.68,402.80,232.13,232.45,232.06,231.87
13:11:44,31623,3,7,2,2,0.00,0.00,0.00,0.00,50.02,3536146.50,3643433.00,156648.27,-123947.05,0.00,0.00,0.00,0.00,0.00,0.00,0.00,0.00,0.00,0.00,234.83,114.78,0.00,0.00,0.00,0.00
13:11:48,31624,3,7,3,1,0.00,0.00,0.00,0.00,0.00,0.00,0.00,0.00,1.00,1.00,1.00,1.00,0.00,0.00,0.00,0.00,286.10,243.28,214.69,400.34,159.77,231.35,17.22,230.71
13:11:51,31624,3,7,3,2,0.00,0.00,0.00,0.00,50.02,566615.50,569315.44,81.62,-54089.17,0.00,0.00,0.00,0.00,1.00,1208.76,0.00,0.00,0.00,4.63,20.00,3.35,0.00,0.00,0.00,0.00
13:11:53,31625,3,7,4,1,13.73,-5.17,-0.62,13.73,0.00,0.00,0.00,0.00,0.00,-0.93,0.00,0.00,0.00,0.00,0.00,0.00,286.16,243.44,213.09,401.94,159.57,231.66,17.03,230.09
13:11:57,31625,3,7,4,2,0.00,0.00,0.00,0.00,50.01,1051.44,0.00,0.00,0.00,0.00,0.00,0.00,0.00,0.00,0.00,0.00,0.00,0.00,0.00,0.00,0.00,0.00,0.00,0.00,0.00
13:12:00,31742,3,7,1,1,0.76,-2.13,4.75,4.03,0.00,0.00,0.00,0.00,-0.54,-0.77,0.63,-0.90,0.00,0.00,0.00,0.00,401.02,401.85,399.92,401.31,231.53,232.01,231.48,231.09
13:12:03,31742,3,7,1,2,1.48,1.49,1.57,1.39,49.94,371302.38,0.00,0.00,0.00,0.00,0.00,0.00,0.00,0.00,0.00,0.00,0.00,0.00,0.00,0.00,0.00,0.00,0.00,0.00,0.00
13:12:06,31743,3,7,2,1,0.00,0.00,0.00,0.00,0.00,0.00,0.00,0.00,0.00,0.00,0.00,0.00,0.00,0.00,0.00,0.00,401.34,400.89,400.77,402.36,231.66,232.02,231.63,231.34
13:12:09,31743,3,7,2,2,0.00,0.00,0.00,0.00,49.99,3536146.50,3643433.00,156648.27,-123947.05,0.00,0.00,0.00,0.00,0.00,0.00,0.00,0.00,0.00,0.00,239.98,119.99,0.00,0.00,0.00,0.00
13:12:12,31744,3,7,3,1,0.00,0.00,0.00,0.00,0.00,0.00,0.00,0.00,1.00,1.00,1.00,1.00,0.00,0.00,0.00,0.00,285.52,242.57,214.41,399.49,159.41,230.69,17.12,230.28
13:12:14,31744,3,7,3,2,0.00,0.00,0.00,0.00,49.98,566615.50,569315.44,81.62,-54089.17,0.00,0.00,0.00,0.00,1.00,1208.76,0.00,0.00,0.00,4.51,17.07,3.40,0.00,0.00,0.00,0.00
13:12:18,31745,3,7,4,1,0.00,0.00,0.00,0.00,0.00,0.00,0.00,0.00,0.00,0.00,0.00,0.00,0.00,0.00,0.00,0.00,286.73,243.60,214.11,402.52,160.00,231.76,17.02,231.21
13:12:21,31745,3,7,4,2,0.00,0.00,0.00,0.00,50.00,1051.50,0.00,0.00,0.00,0.00,0.00,0.00,0.00,0.00,0.00,0.00,0.00,0.00,0.00,0.00,0.00,0.00,0.00,0.00,0.00
13:12:24,31862,3,7,1,1,14.81,3.62,2.86,8.33,0.00,0.00,0.00,0.00,-0.80,0.94,-0.46,-0.45,0.00,0.00,0.00,0.00,400.27,400.69,399.77,400.34,231.18,231.34,231.03,231.16
13:12:29,31862,3,7,1,2,1.47,1.47,1.49,1.45,49.94,371302.78,0.00,0.00,0.00,0.00,0.00,0.00,0.00,0.00,0.00,0.00,0.00,0.00,0.00,0.00,0.00,0.00,0.00,0.00,0.00
13:12:30,31863,3,7,2,1,0.00,0.00,0.00,0.00,0.00,0.00,0.00,0.00,0.00,0.00,0.00,0.00,0.00,0.00,0.00,0.00,401.04,400.73,400.84,401.66,231.60,231.86,231.70,231.24
13:12:30,ready
13:12:33,31863,3,7,2,2,0.00,0.00,0.00,0.00,50.00,3536146.50,3643433.00,156648.27,-123947.05,0.00,0.00,0.00,0.00,0.00,0.00,0.00,0.00,0.00,0.00,239.59,119.59,0.00,0.00,0.00,0.00
13:12:35,31864,3,7,3,1,0.00,0.00,0.00,0.00,0.00,0.00,0.00,0.00,1.00,1.00,1.00,1.00,0.00,0.00,0.00,0.00,285.94,242.74,214.70,400.09,159.55,230.88,17.15,230.57
13:12:43,1610091756,3,7,1,1,17.73,17.16,0.26,0.31,0.00,0.00,0.00,0.00,0.88,1.00,1.00,0.89,0.00,0.00,0.00,0.00,410.01,410.70,409.54,409.78,236.63,236.99,237.08,235.81
13:12:43,1610091756,3,7,1,2,1.40,1.39,1.51,1.32,49.94,371326.63,0.00,0.00,0.00,0.00,0.00,0.00,0.00,0.00,0.00,0.00,0.00,0.00,0.00,0.00,0.00,0.00,0.00,0.00,0.00
13:12:43,31864,3,7,3,2,0.00,0.00,0.00,0.00,49.99,566615.50,569315.44,81.62,-54089.17,0.00,0.00,0.00,0.00,1.00,1208.76,0.00,0.00,0.00,3.93,21.82,3.41,0.00,0.00,0.00,0.00
13:12:46,31865,3,7,4,1,0.00,0.00,0.00,0.00,0.00,0.00,0.00,0.00,0.00,0.00,0.00,0.00,0.00,0.00,0.00,0.00,284.70,242.22,212.54,399.35,158.71,230.33,16.79,229.02
13:12:49,31865,3,7,4,2,0.00,0.00,0.00,0.00,50.00,1051.55,0.00,0.00,0.00,0.00,0.00,0.00,0.00,0.00,0.00,0.00,0.00,0.00,0.00,0.00,0.00,0.00,0.00,0.00,0.00
13:12:57,1610091767,2,7,5,1,0.00,-38.16,56.24,-61.16,0.00,0.00,0.00,0.00,-0.98,-0.71,0.85,0.96,0.00,0.00,0.00,0.00,405.95,408.05,406.32,403.48,234.55,233.97,235.62,234.04
13:12:57,1610091767,2,7,5,2,16.84,16.82,16.77,16.92,50.03,2768214.50,0.00,0.00,0.00,0.00,0.00,0.00,0.00,0.00,0.00,0.00,0.00,0.00,0.00,0.00,0.00,0.00,0.00,0.00,0.00
13:13:01,1610091757,3,7,2,1,0.00,0.00,0.00,0.00,0.00,0.00,0.00,0.00,0.00,0.00,0.00,0.00,0.00,0.00,0.00,0.00,409.87,409.75,409.94,409.92,236.64,236.73,237.22,236.12
13:13:01,1610091757,3,7,2,2,0.00,0.00,0.00,0.00,50.00,3559075.50,3666601.75,156649.59,-124971.34,0.00,0.00,0.00,0.00,0.00,0.00,0.00,0.00,0.00,0.00,237.12,117.16,0.00,0.00,0.00,0.00
13:13:01,31982,3,7,1,1,0.00,-33.27,-23.81,-3.82,0.00,0.00,0.00,0.00,0.00,0.06,0.95,-0.44,0.00,0.00,0.00,0.00,401.36,401.98,400.39,401.72,231.73,232.20,231.56,231.44
13:13:04,31982,3,7,1,2,1.43,1.43,1.43,1.45,49.95,371303.22,0.00,0.00,0.00,0.00,0.00,0.00,0.00,0.00,0.00,0.00,0.00,0.00,0.00,0.00,0.00,0.00,0.00,0.00,0.00
13:13:10,1610091768,2,7,6,1,67.32,-11.93,43.37,-12.03,54.90,15.47,119.17,-79.74,-0.78,0.96,0.27,-0.78,145.08,18.52,136.03,76.00,405.68,405.46,406.24,405.03,234.19,233.60,234.76,234.19
13:13:11,1610091768,2,7,6,2,24.40,24.63,23.87,24.48,50.00,2527.97,3653.85,1248.52,-975.73,0.00,0.00,0.00,0.00,-0.69,420.02,0.00,0.00,7.83,4.00,4.29,3.29,390.51,67.64,107.42,0.00
13:13:12,1610091758,3,7,3,1,0.00,0.00,0.00,0.00,0.00,0.00,0.00,0.00,1.00,1.00,1.00,1.00,0.00,0.00,0.00,0.00,291.70,247.99,219.11,408.01,162.96,235.80,17.56,235.43
13:13:12,1610091758,3,7,3,2,0.00,0.00,0.00,0.00,50.01,583664.13,586408.44,86.61,-55276.91,0.00,0.00,0.00,0.00,1.00,1246.26,0.00,0.00,0.00,3.99,13.95,3.15,0.00,0.00,0.00,0.00
13:13:12,31983,3,7,2,1,0.00,0.00,0.00,0.00,0.00,0.00,0.00,0.00,0.00,0.00,0.00,0.00,0.00,0.00,0.00,0.00,401.75,401.37,401.33,402.55,231.97,232.38,231.85,231.68
13:13:15,31983,3,7,2,2,0.00,0.00,0.00,0.00,49.99,3536146.50,3643433.00,156648.27,-123947.05,0.00,0.00,0.00,0.00,0.00,0.00,0.00,0.00,0.00,0.00,239.93,119.97,0.00,0.00,0.00,0.00
13:13:18,31984,3,7,3,1,0.00,0.00,0.00,0.00,0.00,0.00,0.00,0.00,1.00,1.00,1.00,1.00,0.00,0.00,0.00,0.00,285.58,242.91,214.37,399.47,159.48,231.00,17.11,230.33
13:13:26,31984,3,7,3,2,0.00,0.00,0.00,0.00,49.98,566615.50,569315.44,81.62,-54089.17,0.00,0.00,0.00,0.00,1.00,1208.76,0.00,0.00,0.00,3.63,19.49,3.41,0.00,0.00,0.00,0.00
13:13:27,1610091759,3,7,4,1,7.28,7.28,-0.10,0.00,0.00,0.00,0.00,0.00,0.97,-1.00,0.00,-0.99,0.00,0.00,0.00,0.00,290.11,246.52,216.76,406.98,161.95,234.52,17.31,234.02
13:13:27,1610091759,3,7,4,2,0.31,0.00,0.00,0.99,49.95,1057.88,0.00,0.00,0.00,0.00,0.00,0.00,0.00,0.00,0.00,0.00,0.00,0.00,0.00,0.00,0.00,0.00,0.00,0.00,0.00
13:13:27,31985,3,7,4,1,0.00,0.00,0.00,0.00,0.00,0.00,0.00,0.00,0.00,0.00,0.00,-0.45,0.00,0.00,0.00,0.00,287.11,244.03,214.43,402.86,160.27,232.11,17.04,231.59
13:13:30,ready
13:13:30,31985,3,7,4,2,0.00,0.00,0.00,0.00,49.99,1051.62,0.00,0.00,0.00,0.00,0.00,0.00,0.00,0.00,0.00,0.00,0.00,0.00,0.00,0.00,0.00,0.00,0.00,0.00,0.00
13:13:33,32101,3,7,1,1,46.53,-27.23,-0.35,1.50,0.00,0.00,0.00,0.00,-0.64,-0.97,-0.65,-0.19,0.00,0.00,0.00,0.00,401.06,402.21,398.91,402.06,231.62,231.47,231.81,231.59
13:13:36,32101,3,7,1,2,1.40,1.42,1.39,1.51,49.93,371303.75,0.00,0.00,0.00,0.00,0.00,0.00,0.00,0.00,0.00,0.00,0.00,0.00,0.00,0.00,0.00,0.00,0.00,0.00,0.00
13:13:39,32102,3,7,2,1,0.00,0.00,0.00,0.00,0.00,0.00,0.00,0.00,0.00,0.00,0.00,0.00,0.00,0.00,0.00,0.00,401.88,401.62,401.59,402.43,232.04,232.31,232.12,231.68
13:13:42,32102,3,7,2,2,0.00,0.00,0.00,0.00,49.99,3536146.50,3643433.00,156648.27,-123947.05,0.00,0.00,0.00,0.00,0.00,0.00,0.00,0.00,0.00,0.00,239.92,119.96,0.00,0.00,0.00,0.00
13:13:45,32103,3,7,3,1,0.00,0.00,0.00,0.00,0.00,0.00,0.00,0.00,1.00,1.00,1.00,1.00,0.00,0.00,0.00,0.00,286.00,243.25,214.68,400.23,159.68,231.39,17.13,230.75
13:13:48,32103,3,7,3,2,0.00,0.00,0.00,0.00,49.97,566615.50,569315.44,81.62,-54089.17,0.00,0.00,0.00,0.00,1.00,1208.76,0.00,0.00,0.00,3.40,20.98,3.20,0.00,0.00,0.00,0.00
13:13:50,32104,3,7,4,1,0.00,-3.58,0.00,0.00,0.00,0.00,0.00,0.00,0.00,0.00,0.00,0.25,0.00,0.00,0.00,0.00,286.97,243.94,214.23,402.67,160.13,231.98,17.08,231.32
13:13:54,32104,3,7,4,2,0.00,0.00,0.00,0.00,49.95,1051.68,0.00,0.00,0.00,0.00,0.00,0.00,0.00,0.00,0.00,0.00,0.00,0.00,0.00,0.00,0.00,0.00,0.00,0.00,0.00
13:13:57,32222,3,7,1,1,4.78,-5.94,-2.83,4.78,0.00,0.00,0.00,0.00,0.00,0.38,0.58,-0.89,0.00,0.00,0.00,0.00,402.11,402.82,401.09,402.42,232.06,232.53,231.88,231.77
13:14:00,32222,3,7,1,2,1.39,1.36,1.41,1.38,49.92,371304.22,0.00,0.00,0.00,0.00,0.00,0.00,0.00,0.00,0.00,0.00,0.00,0.00,0.00,0.00,0.00,0.00,0.00,0.00,0.00
13:14:03,32223,3,7,2,1,0.00,0.00,0.00,0.00,0.00,0.00,0.00,0.00,0.00,0.00,0.00,0.00,0.00,0.00,0.00,0.00,402.35,402.05,401.99,403.10,232.33,232.64,232.30,232.07
13:14:06,32223,3,7,2,2,0.00,0.00,0.00,0.00,49.99,3536146.50,3643433.00,156648.27,-123947.05,0.00,0.00,0.00,0.00,0.00,0.00,0.00,0.00,0.00,0.00,239.53,119.97,0.00,0.00,0.00,0.00
13:14:09,32224,3,7,3,1,0.00,0.00,0.00,0.00,0.00,0.00,0.00,0.00,1.00,1.00,1.00,1.00,0.00,0.00,0.00,0.00,285.95,243.15,214.64,399.91,159.59,231.12,17.17,230.51
13:14:12,32224,3,7,3,2,0.00,0.00,0.00,0.00,49.99,566615.50,569315.44,81.62,-54089.17,0.00,0.00,0.00,0.00,1.00,1208.76,0.00,0.00,0.00,3.53,20.84,3.47,0.00,0.00,0.00,0.00
13:14:15,32225,3,7,4,1,5.10,0.00,0.00,0.00,0.00,0.00,0.00,0.00,0.00,0.00,0.00,0.00,0.00,0.00,0.00,0.00,286.72,243.73,214.13,402.30,160.03,231.82,17.09,231.19
13:14:18,32225,3,7,4,2,0.00,0.00,0.00,0.00,50.01,1051.75,0.00,0.00,0.00,0.00,0.00,0.00,0.00,0.00,0.00,0.00,0.00,0.00,0.00,0.00,0.00,0.00,0.00,0.00,0.00
13:14:21,32341,3,7,1,1,7.84,0.67,5.44,-17.13,0.00,0.00,0.00,0.00,-0.01,0.55,-0.01,-0.15,0.00,0.00,0.00,0.00,401.86,402.51,401.00,402.15,232.04,232.37,232.02,231.73
13:14:24,32341,3,7,1,2,1.50,1.46,1.59,1.65,49.92,371304.63,0.00,0.00,0.00,0.00,0.00,0.00,0.00,0.00,0.00,0.00,0.00,0.00,0.00,0.00,0.00,0.00,0.00,0.00,0.00
13:14:26,32342,3,7,2,1,0.00,0.00,0.00,0.00,0.00,0.00,0.00,0.00,0.00,0.00,0.00,0.00,0.00,0.00,0.00,0.00,402.19,401.93,401.81,402.84,232.21,232.53,232.22,231.86
13:14:30,32342,3,7,2,2,0.00,0.00,0.00,0.00,50.00,3536146.50,3643433.00,156648.27,-123947.05,0.00,0.00,0.00,0.00,0.00,0.00,0.00,0.00,0.00,0.00,240.03,120.01,0.00,0.00,0.00,0.00
13:14:30,ready
13:14:33,32343,3,7,3,1,0.00,0.00,0.00,0.00,0.00,0.00,0.00,0.00,1.00,1.00,1.00,1.00,0.00,0.00,0.00,0.00,285.99,243.12,214.69,399.86,159.61,231.00,17.20,230.68
13:14:36,32343,3,7,3,2,0.00,0.00,0.00,0.00,50.03,566615.50,569315.44,81.62,-54089.17,0.00,0.00,0.00,0.00,1.00,1208.76,0.00,0.00,0.00,3.82,20.34,3.80,0.00,0.00,0.00,0.00
13:14:43,1610091876,3,7,1,1,10.36,6.77,3.59,-6.56,0.00,0.00,0.00,0.00,0.98,0.47,0.04,0.98,0.00,0.00,0.00,0.00,409.73,411.09,408.82,409.28,236.55,236.51,237.32,235.83
13:14:43,1610091876,3,7,1,2,1.42,1.34,1.45,1.45,49.96,371327.06,0.00,0.00,0.00,0.00,0.00,0.00,0.00,0.00,0.00,0.00,0.00,0.00,0.00,0.00,0.00,0.00,0.00,0.00,0.00
13:14:43,32344,3,7,4,1,10.77,-2.90,-0.36,8.41,0.00,0.00,0.00,0.00,0.43,0.90,0.00,0.00,0.00,0.00,0.00,0.00,287.72,244.62,214.88,403.77,160.60,232.66,17.11,232.03
13:14:46,32344,3,7,4,2,0.00,0.00,0.00,0.00,50.02,1051.81,0.00,0.00,0.00,0.00,0.00,0.00,0.00,0.00,0.00,0.00,0.00,0.00,0.00,0.00,0.00,0.00,0.00,0.00,0.00
13:14:49,32462,3,7,1,1,19.00,-3.80,2.51,-0.10,0.00,0.00,0.00,0.00,-0.01,0.42,-0.99,1.00,0.00,0.00,0.00,0.00,401.95,402.84,401.02,401.98,232.06,232.49,232.08,231.62
13:14:57,1610091887,2,7,5,1,27.40,-97.34,27.40,-182.16,0.00,0.00,0.00,0.00,0.97,-0.08,-1.00,0.78,0.00,0.00,0.00,0.00,403.64,404.39,404.41,402.12,233.52,232.97,233.54,234.14
13:14:58,1610091887,2,7,5,2,16.54,16.33,16.41,16.88,50.06,2768218.00,0.00,0.00,0.00,0.00,0.00,0.00,0.00,0.00,0.00,0.00,0.00,0.00,0.00,0.00,0.00,0.00,0.00,0.00,0.00
13:15:00,1610091877,3,7,2,1,0.00,0.00,0.00,0.00,0.00,0.00,0.00,0.00,0.00,0.00,0.00,0.00,0.00,0.00,0.00,0.00,410.51,410.21,410.50,410.83,236.55,236.84,236.38,236.53
13:15:00,1610091877,3,7,2,2,0.00,0.00,0.00,0.00,50.03,3559075.50,3666601.75,156649.59,-124971.34,0.00,0.00,0.00,0.00,0.00,0.00,0.00,0.00,0.00,0.00,240.14,120.07,0.00,0.00,0.00,0.00
13:15:00,32462,3,7,1,2,1.49,1.40,1.51,1.40,49.95,371305.13,0.00,0.00,0.00,0.00,0.00,0.00,0.00,0.00,0.00,0.00,0.00,0.00,0.00,0.00,0.00,0.00,0.00,0.00,0.00
13:15:03,32463,3,7,2,1,0.00,0.00,0.00,0.00,0.00,0.00,0.00,0.00,0.00,0.00,0.00,0.00,0.00,0.00,0.00,0.00,402.06,401.99,401.54,402.62,232.12,232.60,232.04,231.71
13:15:10,1610091888,2,7,6,1,165.97,-53.72,-43.64,-36.41,-120.11,-84.89,22.48,-57.70,0.78,-0.64,0.89,0.45,86.36,61.42,45.47,82.59,405.04,404.71,405.45,405.00,233.82,232.70,234.18,234.59
13:15:11,1610091888,2,7,6,2,19.90,19.77,19.59,20.34,50.04,2531.73,3659.67,1250.74,-977.23,0.00,0.00,0.00,0.00,-0.69,420.78,0.00,0.00,8.29,3.31,3.83,2.69,116.42,94.65,330.98,0.00
13:15:12,1610091878,3,7,3,1,0.00,0.00,0.00,0.00,0.00,0.00,0.00,0.00,1.00,1.00,1.00,1.00,0.00,0.00,0.00,0.00,291.69,247.91,219.15,408.02,162.98,235.77,17.66,235.64
13:15:12,1610091878,3,7,3,2,0.00,0.00,0.00,0.00,50.04,583664.13,586408.44,86.61,-55276.91,0.00,0.00,0.00,0.00,1.00,1246.26,0.00,0.00,0.00,3.21,16.28,3.16,0.00,0.00,0.00,0.00
13:15:12,32463,3,7,2,2,0.00,0.00,0.00,0.00,50.01,3536146.50,3643433.00,156648.27,-123947.05,0.00,0.00,0.00,0.00,0.00,0.00,0.00,0.00,0.00,0.00,240.04,120.02,0.00,0.00,0.00,0.00
13:15:15,32464,3,7,3,1,0.00,0.00,0.00,0.00,0.00,0.00,0.00,0.00,1.00,1.00,1.00,1.00,0.00,0.00,0.00,0.00,286.29,243.40,214.76,400.50,159.89,231.49,17.27,230.88
13:15:18,32464,3,7,3,2,0.00,0.00,0.00,0.00,50.01,566615.50,569315.44,81.62,-54089.17,0.00,0.00,0.00,0.00,1.00,1208.76,0.00,0.00,0.00,3.80,18.58,3.59,0.00,0.00,0.00,0.00
13:15:26,1610091879,3,7,4,1,31.54,28.99,2.55,-36.33,0.00,0.00,0.00,0.00,-0.78,0.67,0.00,-0.84,0.00,0.00,0.00,0.00,291.37,247.80,217.58,408.76,162.58,235.53,17.23,234.97
13:15:26,1610091879,3,7,4,2,0.61,0.00,0.91,0.95,50.00,1058.17,0.00,0.00,0.00,0.00,0.00,0.00,0.00,0.00,0.00,0.00,0.00,0.00,0.00,0.00,0.00,0.00,0.00,0.00,0.00
13:15:27,32465,3,7,4,1,0.00,-7.77,0.00,0.00,0.00,0.00,0.00,0.00,0.00,0.00,0.00,0.00,0.00,0.00,0.00,0.00,287.28,244.19,214.54,403.12,160.33,232.27,17.04,231.69
13:15:29,32465,3,7,4,2,0.00,0.00,0.00,0.00,50.00,1051.91,0.00,0.00,0.00,0.00,0.00,0.00,0.00,0.00,0.00,0.00,0.00,0.00,0.00,0.00,0.00,0.00,0.00,0.00,0.00
13:15:30,ready
13:15:32,32581,3,7,1,1,5.36,-1.99,-3.67,15.49,0.00,0.00,0.00,0.00,0.61,-0.87,0.61,0.40,0.00,0.00,0.00,0.00,400.67,401.09,400.21,400.71,231.15,231.43,231.50,230.53
13:15:35,32581,3,7,1,2,1.54,1.50,1.63,1.49,49.94,371305.72,0.00,0.00,0.00,0.00,0.00,0.00,0.00,0.00,0.00,0.00,0.00,0.00,0.00,0.00,0.00,0.00,0.00,0.00,0.00
13:15:39,32582,3,7,2,1,0.00,0.00,0.00,0.00,0.00,0.00,0.00,0.00,0.00,0.00,0.00,0.00,0.00,0.00,0.00,0.00,402.36,401.67,402.31,400.43,231.01,231.25,231.08,230.69
13:15:42,32582,3,7,2,2,0.00,0.00,0.00,0.00,50.00,3536146.50,3643433.00,156648.27,-123947.05,0.00,0.00,0.00,0.00,0.00,0.00,0.00,0.00,0.00,0.00,231.53,113.53,0.00,0.00,0.00,0.00
13:15:44,32583,3,7,3,1,0.00,0.00,0.00,0.00,0.00,0.00,0.00,0.00,1.00,1.00,1.00,1.00,0.00,0.00,0.00,0.00,284.14,241.74,213.34,398.10,158.90,230.08,17.13,229.53
13:15:48,32583,3,7,3,2,0.00,0.00,0.00,0.00,50.02,566615.50,569315.44,81.62,-54089.17,0.00,0.00,0.00,0.00,1.00,1208.76,0.00,0.00,0.00,4.09,19.51,3.17,0.00,0.00,0.00,0.00
13:15:51,32584,3,7,4,1,0.00,0.00,0.00,0.00,0.00,0.00,0.00,0.00,0.00,0.00,0.00,0.00,0.00,0.00,0.00,0.00,284.87,242.22,212.56,399.84,158.87,230.40,16.74,230.71
13:15:54,32584,3,7,4,2,0.00,0.00,0.00,0.00,49.98,1051.95,0.00,0.00,0.00,0.00,0.00,0.00,0.00,0.00,0.00,0.00,0.00,0.00,0.00,0.00,0.00,0.00,0.00,0.00,0.00
13:15:57,32702,3,7,1,1,25.51,-8.07,-3.63,25.51,0.00,0.00,0.00,0.00,-0.48,0.47,-0.66,0.15,0.00,0.00,0.00,0.00,399.31,399.59,398.59,399.75,230.54,230.80,230.42,230.52
13:15:59,32702,3,7,1,2,1.50,1.50,1.55,1.44,49.97,371306.22,0.00,0.00,0.00,0.00,0.00,0.00,0.00,0.00,0.00,0.00,0.00,0.00,0.00,0.00,0.00,0.00,0.00,0.00,0.00
13:16:03,32703,3,7,2,1,0.00,0.00,0.00,0.00,0.00,0.00,0.00,0.00,0.00,0.00,0.00,0.00,0.00,0.00,0.00,0.00,399.82,399.31,399.63,400.61,230.92,230.98,231.05,230.73
13:16:05,32703,3,7,2,2,0.00,0.00,0.00,0.00,50.00,3536146.50,3643433.00,156648.27,-123947.05,0.00,0.00,0.00,0.00,0.00,0.00,0.00,0.00,0.00,0.00,240.02,120.01,0.00,0.00,0.00,0.00
13:16:08,32704,3,7,3,1,0.00,0.00,0.00,0.00,0.00,0.00,0.00,0.00,1.00,1.00,1.00,1.00,0.00,0.00,0.00,0.00,284.80,241.59,213.24,398.42,158.74,230.14,17.14,230.17
13:16:12,32704,3,7,3,2,0.00,0.00,0.00,0.00,50.02,566615.50,569315.44,81.62,-54089.17,0.00,0.00,0.00,0.00,1.00,1208.76,0.00,0.00,0.00,3.87,19.05,3.61,0.00,0.00,0.00,0.00
13:16:15,32705,3,7,4,1,0.00,0.00,0.00,-0.31,0.00,0.00,0.00,0.00,0.00,0.00,0.00,0.00,0.00,0.00,0.00,0.00,286.13,243.16,213.60,401.62,159.59,231.25,16.89,230.58
13:16:18,32705,3,7,4,2,0.30,0.00,0.00,0.91,49.99,1052.00,0.00,0.00,0.00,0.00,0.00,0.00,0.00,0.00,0.00,0.00,0.00,0.00,0.00,0.00,0.00,0.00,0.00,0.00,0.00
13:16:20,32821,3,7,1,1,0.00,-4.68,-31.00,-28.06,0.00,0.00,0.00,0.00,0.69,-0.61,0.12,0.96,0.00,0.00,0.00,0.00,400.48,401.05,399.73,400.67,231.11,231.53,230.94,230.94
13:16:23,32821,3,7,1,2,1.48,1.50,1.50,1.43,49.95,371306.66,0.00,0.00,0.00,0.00,0.00,0.00,0.00,0.00,0.00,0.00,0.00,0.00,0.00,0.00,0.00,0.00,0.00,0.00,0.00
13:16:26,32822,3,7,2,1,0.00,0.00,0.00,0.00,0.00,0.00,0.00,0.00,0.00,0.00,0.00,0.00,0.00,0.00,0.00,0.00,399.58,399.38,399.14,400.24,230.57,231.17,230.66,229.88
13:16:30,32822,3,7,2,2,0.00,0.00,0.00,0.00,50.00,3536146.50,3643433.00,156648.27,-123947.05,0.00,0.00,0.00,0.00,0.00,0.00,0.00,0.00,0.00,0.00,240.00,120.00,0.00,0.00,0.00,0.00
13:16:30,ready
13:16:32,32823,3,7,3,1,0.00,0.00,0.00,0.00,0.00,0.00,0.00,0.00,1.00,1.00,1.00,1.00,0.00,0.00,0.00,0.00,282.08,240.19,212.65,397.70,158.99,230.16,17.10,229.37
13:16:36,32823,3,7,3,2,0.00,0.00,0.00,0.00,50.02,566615.50,569315.44,81.62,-54089.17,0.00,0.00,0.00,0.00,1.00,1208.76,0.00,0.00,0.00,3.74,20.34,3.26,0.00,0.00,0.00,0.00
13:16:43,1610091996,3,7,1,1,10.17,10.17,-10.37,-20.72,0.00,0.00,0.00,0.00,-0.80,0.99,-0.24,0.94,0.00,0.00,0.00,0.00,410.33,410.95,409.79,410.26,236.91,236.95,237.38,236.41
13:16:43,1610091996,3,7,1,2,1.32,1.30,1.35,1.31,49.99,371327.53,0.00,0.00,0.00,0.00,0.00,0.00,0.00,0.00,0.00,0.00,0.00,0.00,0.00,0.00,0.00,0.00,0.00,0.00,0.00
13:16:43,32824,3,7,4,1,0.00,0.00,0.00,0.00,0.00,0.00,0.00,0.00,0.00,0.00,0.00,0.16,0.00,0.00,0.00,0.00,285.43,242.96,212.82,400.61,159.30,231.20,16.98,229.71
13:16:46,32824,3,7,4,2,0.00,0.00,0.00,0.00,49.97,1052.05,0.00,0.00,0.00,0.00,0.00,0.00,0.00,0.00,0.00,0.00,0.00,0.00,0.00,0.00,0.00,0.00,0.00,0.00,0.00
13:16:49,32941,3,7,1,1,30.03,27.24,2.79,-17.14,0.00,0.00,0.00,0.00,0.78,0.62,-0.66,-0.87,0.00,0.00,0.00,0.00,400.63,401.10,399.88,400.93,231.19,231.57,231.08,230.88
13:16:56,1610092008,2,7,5,1,197.38,66.74,110.81,19.82,0.00,0.00,0.00,0.00,0.98,0.98,0.84,-0.71,0.00,0.00,0.00,0.00,407.30,408.60,407.84,405.47,235.28,234.92,236.01,234.91
13:16:57,1610092008,2,7,5,2,16.31,16.07,16.22,16.63,50.10,2768220.75,0.00,0.00,0.00,0.00,0.00,0.00,0.00,0.00,0.00,0.00,0.00,0.00,0.00,0.00,0.00,0.00,0.00,0.00,0.00
13:17:00,1610091997,3,7,2,1,0.00,0.00,0.00,0.00,0.00,0.00,0.00,0.00,0.00,0.00,0.00,0.00,0.00,0.00,0.00,0.00,409.79,409.61,409.74,410.03,236.71,236.67,237.37,236.29
13:17:00,1610091997,3,7,2,2,0.00,0.00,0.00,0.00,50.06,3559075.50,3666601.75,156649.59,-124971.34,0.00,0.00,0.00,0.00,0.00,0.00,0.00,0.00,0.00,0.00,238.24,118.53,0.00,0.00,0.00,0.00
13:17:00,32941,3,7,1,2,1.49,1.46,1.49,1.53,50.00,371307.09,0.00,0.00,0.00,0.00,0.00,0.00,0.00,0.00,0.00,0.00,0.00,0.00,0.00,0.00,0.00,0.00,0.00,0.00,0.00
13:17:03,32942,3,7,2,1,0.00,0.00,0.00,0.00,0.00,0.00,0.00,0.00,0.00,0.00,0.00,0.00,0.00,0.00,0.00,0.00,400.56,400.27,400.16,401.25,231.29,231.69,231.12,231.05
13:17:12,1610091998,3,7,3,1,0.00,0.00,0.00,0.00,0.00,0.00,0.00,0.00,1.00,1.00,1.00,1.00,0.00,0.00,0.00,0.00,291.36,247.74,219.42,406.92,162.64,235.45,17.49,235.06
13:17:12,1610091998,3,7,3,2,0.00,0.00,0.00,0.00,50.07,583664.13,586408.44,86.61,-55276.91,0.00,0.00,0.00,0.00,1.00,1246.26,0.00,0.00,0.00,3.18,13.95,3.60,0.00,0.00,0.00,0.00
13:17:13,32942,3,7,2,2,0.00,0.00,0.00,0.00,50.06,3536146.50,3643433.00,156648.27,-123947.05,0.00,0.00,0.00,0.00,0.00,0.00,0.00,0.00,0.00,0.00,239.05,118.91,0.00,0.00,0.00,0.00
13:17:14,1610092009,2,7,6,1,144.58,12.36,-116.74,-90.57,3.05,186.26,-70.00,-113.21,1.00,-0.33,-0.30,-0.62,84.19,74.74,137.87,54.79,404.24,405.45,403.92,403.36,233.68,233.76,234.46,232.82
13:17:15,32943,3,7,3,1,0.00,0.00,0.00,0.00,0.00,0.00,0.00,0.00,1.00,1.00,1.00,1.00,0.00,0.00,0.00,0.00,285.27,242.67,214.35,399.47,159.45,230.95,17.20,230.53
13:17:15,1610092009,2,7,6,2,22.63,22.61,22.58,22.71,50.06,2535.32,3665.10,1252.79,-978.72,0.00,0.00,0.00,0.00,-0.69,421.58,0.00,0.00,8.15,3.47,4.42,3.22,61.97,173.21,126.20,0.00
13:17:18,32943,3,7,3,2,0.00,0.00,0.00,0.00,50.07,566615.50,569315.44,81.62,-54089.17,0.00,0.00,0.00,0.00,1.00,1208.76,0.00,0.00,0.00,3.80,20.34,3.45,0.00,0.00,0.00,0.00
13:17:21,32944,3,7,4,1,0.00,0.00,0.00,12.96,0.00,0.00,0.00,0.00,-0.69,0.00,0.00,0.00,0.00,0.00,0.00,0.00,287.57,244.56,214.42,403.72,160.44,232.62,17.18,231.52
13:17:26,1610091999,3,7,4,1,19.42,18.25,1.34,-11.94,0.00,0.00,0.00,0.00,0.33,-0.77,0.99,0.49,0.00,0.00,0.00,0.00,292.43,248.57,218.30,410.46,163.22,236.18,17.65,235.82
13:17:26,1610091999,3,7,4,2,0.92,0.95,0.94,0.99,50.01,1058.54,0.00,0.00,0.00,0.00,0.00,0.00,0.00,0.00,0.00,0.00,0.00,0.00,0.00,0.00,0.00,0.00,0.00,0.00,0.00
13:17:27,32944,3,7,4,2,0.00,0.00,0.00,0.00,50.06,1052.12,0.00,0.00,0.00,0.00,0.00,0.00,0.00,0.00,0.00,0.00,0.00,0.00,0.00,0.00,0.00,0.00,0.00,0.00,0.00
13:17:30,33061,3,7,1,1,9.80,-27.28,-31.86,9.80,0.00,0.00,0.00,0.00,-0.15,-0.48,0.50,1.00,0.00,0.00,0.00,0.00,402.08,402.60,400.65,402.97,232.03,232.65,231.79,231.65
13:17:30,ready
13:17:33,33061,3,7,1,2,1.47,1.39,1.54,1.48,50.05,371307.72,0.00,0.00,0.00,0.00,0.00,0.00,0.00,0.00,0.00,0.00,0.00,0.00,0.00,0.00,0.00,0.00,0.00,0.00,0.00
13:17:36,33062,3,7,2,1,0.00,0.00,0.00,0.00,0.00,0.00,0.00,0.00,0.00,0.00,0.00,0.00,0.00,0.00,0.00,0.00,401.91,401.74,401.32,402.73,232.08,232.64,231.92,231.70
13:17:38,33062,3,7,2,2,0.00,0.00,0.00,0.00,50.10,3536146.50,3643433.00,156648.27,-123947.05,0.00,0.00,0.00,0.00,0.00,0.00,0.00,0.00,0.00,0.00,239.62,119.41,0.00,0.00,0.00,0.00
13:17:41,33063,3,7,3,1,0.00,0.00,0.00,0.00,0.00,0.00,0.00,0.00,1.00,1.00,1.00,1.00,0.00,0.00,0.00,0.00,287.08,242.17,214.33,398.88,159.29,230.54,17.12,231.61
13:17:44,33063,3,7,3,2,0.00,0.00,0.00,0.00,50.10,566615.50,569315.44,81.62,-54089.17,0.00,0.00,0.00,0.00,1.00,1208.76,0.00,0.00,0.00,3.25,16.28,3.28,0.00,0.00,0.00,0.00
13:17:47,33064,3,7,4,1,0.00,0.00,0.00,0.00,0.00,0.00,0.00,0.00,-0.61,-0.61,0.00,0.00,0.00,0.00,0.00,0.00,285.17,242.49,213.87,402.56,159.98,231.90,17.03,231.00
13:17:50,33064,3,7,4,2,0.30,0.00,0.00,0.00,50.06,1052.20,0.00,0.00,0.00,0.00,0.00,0.00,0.00,0.00,0.00,0.00,0.00,0.00,0.00,0.00,0.00,0.00,0.00,0.00,0.00
13:17:53,33182,3,7,1,1,5.32,-2.35,5.32,-4.39,0.00,0.00,0.00,0.00,0.53,-0.99,-0.30,1.00,0.00,0.00,0.00,0.00,400.71,402.43,399.16,397.81,229.47,229.86,229.33,229.23
13:17:56,33182,3,7,1,2,1.51,1.50,1.57,1.37,50.03,371308.16,0.00,0.00,0.00,0.00,0.00,0.00,0.00,0.00,0.00,0.00,0.00,0.00,0.00,0.00,0.00,0.00,0.00,0.00,0.00
13:18:00,33183,3,7,2,1,0.00,0.00,0.00,0.00,0.00,0.00,0.00,0.00,0.00,0.00,0.00,0.00,0.00,0.00,0.00,0.00,402.08,401.55,401.86,402.70,232.06,232.42,231.92,231.85
13:18:02,33183,3,7,2,2,0.00,0.00,0.00,0.00,50.07,3536146.50,3643433.00,156648.27,-123947.05,0.00,0.00,0.00,0.00,0.00,0.00,0.00,0.00,0.00,0.00,239.94,119.77,0.00,0.00,0.00,0.00
13:18:05,33184,3,7,3,1,0.00,0.00,0.00,0.00,0.00,0.00,0.00,0.00,1.00,1.00,1.00,1.00,0.00,0.00,0.00,0.00,282.96,243.72,215.66,401.82,160.24,230.67,17.08,229.65
13:18:08,33184,3,7,3,2,0.00,0.00,0.00,0.00,50.10,566615.50,569315.44,81.62,-54089.17,0.00,0.00,0.00,0.00,1.00,1208.76,0.00,0.00,0.00,3.55,13.64,3.44,0.00,0.00,0.00,0.00
13:18:11,33185,3,7,4,1,0.00,0.00,0.00,0.00,0.00,0.00,0.00,0.00,0.00,0.00,0.00,0.00,0.00,0.00,0.00,0.00,287.39,244.37,214.46,403.36,160.39,232.45,17.14,231.64
13:18:15,33185,3,7,4,2,0.00,0.00,0.00,0.00,50.08,1052.22,0.00,0.00,0.00,0.00,0.00,0.00,0.00,0.00,0.00,0.00,0.00,0.00,0.00,0.00,0.00,0.00,0.00,0.00,0.00
13:18:17,33301,3,7,1,1,26.47,3.43,2.45,20.59,0.00,0.00,0.00,0.00,0.00,1.00,-1.00,-0.37,0.00,0.00,0.00,0.00,402.98,403.68,402.15,403.08,232.64,232.88,232.71,232.33
13:18:21,33301,3,7,1,2,1.33,1.37,1.28,1.34,50.06,371308.66,0.00,0.00,0.00,0.00,0.00,0.00,0.00,0.00,0.00,0.00,0.00,0.00,0.00,0.00,0.00,0.00,0.00,0.00,0.00
13:18:23,33302,3,7,2,1,0.00,0.00,0.00,0.00,0.00,0.00,0.00,0.00,0.00,0.00,0.00,0.00,0.00,0.00,0.00,0.00,402.76,401.93,402.53,403.80,232.46,232.68,232.41,232.28
13:18:26,33302,3,7,2,2,0.00,0.00,0.00,0.00,50.12,3536146.50,3643433.00,156648.27,-123947.05,0.00,0.00,0.00,0.00,0.00,0.00,0.00,0.00,0.00,0.00,237.69,118.23,0.00,0.00,0.00,0.00
13:18:29,33303,3,7,3,1,0.00,0.00,0.00,0.00,0.00,0.00,0.00,0.00,1.00,1.00,1.00,1.00,0.00,0.00,0.00,0.00,286.63,243.66,215.62,400.13,160.16,230.70,17.09,230.02
13:18:30,ready
30113:18:33,33303,3,7,3,2,0.00,0.00,0.00,0.00,50.14,566615.50,569315.44,81.62,-54089.17,0.00,0.00,0.00,0.00,1.00,1208.76,0.00,0.00,0.00,3.02,18.60,3.66,0.00,0.00,0.00,0.00
13:18:36,33304,3,7,4,1,0.00,0.00,0.00,0.00,0.00,0.00,0.00,0.00,0.00,0.00,0.00,0.00,0.00,0.00,0.00,0.00,287.71,244.60,214.82,403.72,160.57,232.68,17.16,231.92
13:18:43,1610092116,3,7,1,1,6.03,-12.41,4.72,1.62,0.00,0.00,0.00,0.00,0.41,0.13,-0.35,1.00,0.00,0.00,0.00,0.00,410.13,411.14,409.37,409.88,236.75,236.82,237.34,236.19
13:18:43,1610092116,3,7,1,2,1.45,1.44,1.47,1.45,49.98,371328.00,0.00,0.00,0.00,0.00,0.00,0.00,0.00,0.00,0.00,0.00,0.00,0.00,0.00,0.00,0.00,0.00,0.00,0.00,0.00
13:18:43,33304,3,7,4,2,0.00,0.00,0.00,0.00,50.09,1052.23,0.00,0.00,0.00,0.00,0.00,0.00,0.00,0.00,0.00,0.00,0.00,0.00,0.00,0.00,0.00,0.00,0.00,0.00,0.00
13:18:46,33422,3,7,1,1,0.37,-8.49,-2.21,-2.52,0.00,0.00,0.00,0.00,-0.69,-0.90,-0.28,0.60,0.00,0.00,0.00,0.00,402.40,403.05,401.62,402.58,232.37,232.75,232.32,232.05
13:18:49,33422,3,7,1,2,1.29,1.30,1.29,1.25,50.05,371309.22,0.00,0.00,0.00,0.00,0.00,0.00,0.00,0.00,0.00,0.00,0.00,0.00,0.00,0.00,0.00,0.00,0.00,0.00,0.00
13:18:56,1610092127,2,7,5,1,42.91,42.91,-27.19,-15.07,0.00,0.00,0.00,0.00,-0.84,-0.40,0.94,0.91,0.00,0.00,0.00,0.00,408.10,409.16,405.90,406.11,235.14,235.09,235.34,235.00
13:18:57,1610092127,2,7,5,2,16.61,16.82,16.86,16.72,50.08,2768224.25,0.00,0.00,0.00,0.00,0.00,0.00,0.00,0.00,0.00,0.00,0.00,0.00,0.00,0.00,0.00,0.00,0.00,0.00,0.00
13:19:02,1610092117,3,7,2,1,0.00,0.00,0.00,0.00,0.00,0.00,0.00,0.00,0.00,0.00,0.00,0.00,0.00,0.00,0.00,0.00,410.56,409.65,410.63,411.40,236.90,236.75,237.40,236.62
13:19:02,1610092117,3,7,2,2,0.00,0.00,0.00,0.00,50.04,3559075.50,3666601.75,156649.59,-124971.34,0.00,0.00,0.00,0.00,0.00,0.00,0.00,0.00,0.00,0.00,239.00,118.88,0.00,0.00,0.00,0.00
13:19:02,33423,3,7,2,1,0.00,0.00,0.00,0.00,0.00,0.00,0.00,0.00,0.00,0.00,0.00,0.00,0.00,0.00,0.00,0.00,402.94,402.68,402.69,403.45,232.62,232.96,232.58,232.31
13:19:05,33423,3,7,2,2,0.00,0.00,0.00,0.00,50.10,3536146.50,3643433.00,156648.27,-123947.05,0.00,0.00,0.00,0.00,0.00,0.00,0.00,0.00,0.00,0.00,238.78,118.99,0.00,0.00,0.00,0.00
Unexpected disconnection.

